50646
50528
85178
87678
50413
50185
51607
51563
51601
51564
51565
51566
84470
51581
50286
51582
50562
51592
51583
84895
51580
87416
50304
51590
51584
51593
50350
50029
49981
77702
51608
84779
51604
51605
36519
87258
51611
51585
50667
51596
84289
87378
51606
84208
48679
87594
77683
50319
51600
85218
48801
78636
86100
85026
50669
84729
47911
21566
77695
45906
50857
20338
44694
50023
86674
50243
51612
51191
87466
50773
30
77311
86999
16186
87397
50230
51597
86043
50533
49958
48796
87640
20206
84912
44241
20097
87360
77631
50592
50869
50882
51591
87588
86888
4422
77675
10386
51273
87611
49031
20544
48951
1302
61493
51553
51554
77817
20543
79064
48105
82675
51482
44866
77648
44343
4653
51599
87039
77840
5072
87633
89357
78699
87122
79366
79374
48550
11054
50517
20062
20498
19868
51333
51370
85995
1359
82292
88632
51636
20028
82412
86677
86040
89407
78757
87562
49382
48950
87031
48478
50246
50419
43972
4885
82698
51337
51221
44854
82694
8331
51635
51642
68510
51413
82404
8653
85022
10196
48966
79992
11332
4541
11335
85224
9716
8775
2356
53326
9954
2687
82570
51595
9251
2466
50044
17194
9678
10636
77506
11377
8573
11671
2412
20944
50619
73755
50502
44853
87768
11663
18145
49693
10950
9835
19898
77873
2092
4458
30964
87374
11304
8190
8100
8576
10139
8575
8871
51313
11544
10888
11069
50445
10592
10593
9986
11278
11223
11264
9263
84734
8081
8574
8755
84418
9122
8909
12172
9444
8803
11543
11127
86595
82707
51246
8767
51427
12460
9493
50360
26806
9056
51431
62093
77382
19888
20068
86603
82355
68265
11171
11605
51626
4668
4438
73728
50464
51579
51598
87100
79312
7115
79417
74044
51516
61811
8839
86026
8287
36584
78943
9252
86630
82793
50137
77677
50339
45459
79837
25921
87202
45788
48760
19968
10412
85158
41173
88629
44743
77261
51244
88008
4573
8362
86089
79070
79183
63451
12105
50844
31531
74013
87572
78903
73899
9020
42132
11922
44218
50353
42222
77466
82505
79333
11060
68711
20625
65954
62112
80270
79859
20042
86125
62062
79566
39770
36444
79861
41051
79029
41121
41471
5046
20548
79665
79315
86540
40349
22388
19806
79159
79818
50541
62460
4111
51792
36486
1276
20301
79783
77975
3055
17464
67995
82545
50260
79824
32371
86783
87702
79289
79625
77736
15046
84791
10058
11141
19900
48748
78988
72498
79892
44504
7592
45901
82706
67934
7455
4649
20031
11258
79490
8898
67939
41776
79740
79862
79864
9231
79501
79756
84636
10354
26788
79519
87528
78597
62018
30233
41900
79841
15708
71551
20255
10035
11185
79780
77399
78924
61856
44552
77221
10923
3507
11150
89583
68083
79136
14700
68002
68191
16672
51610
51609
89985
16461
68334
68644
77211
71792
79295
79664
82288
79376
79125
8937
79823
52462
50429
77276
18315
28759
79470
49163
79039
82796
79811
25734
79276
79252
9525
68727
9710
11342
78953
3810
72177
71897
78976
32770
79606
79114
77578
79894
14981
51437
59722
84887
41636
62063
78902
82823
20585
39405
41546
78753
79776
86991
81882
20035
46343
22357
68035
79126
87957
78954
43622
79202
78844
79784
35167
42490
12320
79666
50308
20048
78542
82778
76170
62149
79589
78528
73543
52027
79493
28794
74160
10708
61735
79744
20100
13597
71258
46801
84825
41821
17236
10276
79285
77818
12510
71931
39332
88386
73953
19594
42917
43146
82503
4626
50695
15182
39042
79584
42546
87861
79073
3675
73698
78574
11610
7468
66788
77809
28370
72079
28549
79058
9942
85265
39200
79764
36335
90234
41841
3406
8982
9899
79840
8572
15076
15108
82551
39527
11065
6728
79640
41645
32644
43256
20316
57243
8658
48094
43066
10373
83589
86059
77846
39403
41403
65663
3844
42438
3314
79736
39280
83221
79025
87108
8127
28918
32598
88015
10819
79869
52800
79169
60435
73934
78733
41924
82181
15116
85670
38999
28053
77915
78884
12408
11154
64977
50507
41842
49259
8984
61736
39687
39156
9768
50567
79439
50817
43637
67999
39420
87807
11336
8806
62127
71328
41468
68689
68021
41519
51578
9513
82138
15758
45435
9538
68412
76587
60721
39253
79572
68526
50451
51378
41277
38983
47360
37745
2699
85668
87812
70184
68925
78978
27168
39504
81874
14664
78737
42361
4043
30690
20854
87980
81962
72351
9580
87979
79649
11909
42831
74087
8820
43587
42386
81803
82241
82116
15584
73751
16047
79515
42920
44078
68972
78078
6476
43458
7215
3658
43749
61951
9864
6853
82840
60426
43701
90155
10833
81891
74073
82856
24625
3127
82432
41353
79842
87011
8701
39855
39543
19821
39457
74552
82128
68171
50276
71955
10591
40627
82020
29959
20120
40181
8804
20444
35063
27109
9355
43012
62162
61976
79887
48721
20575
43513
20529
79261
42839
39290
82216
41487
43189
77236
82888
82251
8226
68401
8744
82122
89758
42568
82283
87841
87697
87881
90278
61572
45402
79848
68183
8571
38971
39243
78852
82389
43505
19983
3884
77921
50595
41169
65840
32791
44175
11272
41933
26768
77492
43685
9934
82114
68642
68084
77442
41400
82223
42373
41814
47464
79571
82331
9470
41864
36341
7800
19369
79691
90114
50257
20251
19760
79525
73161
12338
57280
82296
72984
4613
41824
2596
39362
51361
67914
26182
19958
41815
27106
26585
89215
3203
79925
32322
15757
11237
39667
79850
6843
79088
20538
67256
82874
71305
41479
9539
4106
8148
67745
51459
68063
67919
40346
17162
87070
41571
60324
11540
50386
88066
18248
11328
82266
42704
42702
79597
87296
68158
16012
64823
440
10865
9677
79482
71709
90014
82152
51097
19474
81839
9765
39044
7068
42793
7947
40662
76207
11310
11788
82787
7446
76046
82935
79698
9170
30320
79653
41868
9447
84711
40415
15105
82242
81976
52525
89565
51160
11541
42560
37386
82802
82869
68062
14641
79870
4820
90193
82287
90147
30192
40698
40534
42959
42526
64722
70465
79603
32161
67915
37974
90054
65735
68041
82794
3491
64978
10053
41854
51388
3154
3668
89683
82881
40989
71542
61949
38579
12343
16449
64709
82037
41833
79895
81847
82074
73720
40437
41154
3218
77243
19946
36653
82435
70025
3604
82872
90083
82548
63753
37593
79695
43219
82814
39295
61710
78904
74555
8808
38222
77903
43900
86506
12230
77069
81691
85866
50653
37770
3079
82797
53157
68095
20451
88464
82219
71597
70211
64024
77705
80517
81398
82784
67967
84578
78275
16518
79033
3247
69109
17466
68537
82293
61916
82299
39560
40414
20263
38014
30087
45075
47694
66202
79095
68421
61093
20421
20365
20040
81838
61892
18748
70498
69684
51803
44148
40398
82499
20473
37992
11673
79647
82333
77283
41389
61872
68221
2832
22115
40719
80954
11631
43783
24579
3743
66639
88380
72818
3146
41374
3220
3211
82069
42561
49991
15600
41845
42885
76149
19853
1660
42306
63970
65734
81243
40581
73750
7393
43420
68046
40639
68376
79835
9498
3636
41614
65719
9180
52778
42916
41875
16025
3098
51602
82800
37128
9837
47326
19811
86570
42741
75975
39531
40837
82807
79774
20614
39710
70488
50911
41148
41469
41793
70473
70357
31244
37903
64853
5298
11011
41695
79213
21174
20604
39565
3124
4104
67971
82402
43517
3826
51594
11111
12178
39380
3693
82007
39621
20487
61874
64014
24453
20399
20608
75223
89868
3245
51644
84159
4547
27021
39732
74062
79883
75989
79217
3801
39536
71485
42825
38130
69260
3510
82861
14698
63758
39624
67245
50978
39669
9963
3161
68120
5530
50460
81203
68024
43683
82312
40540
29569
47412
80691
43319
68414
11263
39098
82474
4442
51473
79596
9361
10998
19824
41104
82392
67792
8894
39047
66376
81746
3778
51125
8995
62079
10050
79323
79394
18105
3836
68091
85438
77008
38520
48097
8693
63733
42897
27375
43456
19256
64239
82267
22113
82353
82310
53048
3379
43046
65820
3715
3738
11542
41271
50839
67883
53254
82483
82777
8997
39373
66464
3306
80779
43700
2100
65570
50478
79815
82166
79426
44156
3865
18292
73850
20212
43259
3443
42994
41454
41485
20063
82396
8651
79819
41490
26832
3023
79933
21850
12536
49965
68270
50571
47999
24029
68054
40661
4620
50529
10230
38369
39102
3076
27051
50111
12189
82370
39292
68010
29965
77508
41770
80939
78135
28718
37109
4675
37663
79685
10022
19996
70095
38940
28912
65297
39840
67727
40959
40499
24424
42487
73480
64260
65454
74317
36962
36696
75264
36336
74654
80682
64298
50850
20410
41950
68455
40638
40489
15192
65743
50480
50681
79257
41071
44707
51503
77875
26754
19901
58412
81018
66703
65909
19762
42565
64973
26938
39352
82819
67990
28827
7255
79900
82155
8267
61995
10347
12688
44706
88384
56905
4647
66367
61826
66229
8569
80544
52960
51586
11539
20136
42213
41152
38349
4527
19787
28775
41686
40912
10215
10091
7543
26215
79929
40911
19940
40125
38906
39874
39622
63949
50278
71381
82118
39541
28752
40592
82274
21159
20275
38474
39673
27075
68504
39322
41117
66624
77734
28822
32812
82678
3525
28751
11835
79290
80584
40929
42467
66269
50673
39713
143
51398
27325
60685
50522
35288
19769
50452
8964
79876
10860
68040
3086
42440
79368
53033
50719
86128
65564
79273
9341
43670
29032
8652
3115
82314
50266
18476
66838
39485
79148
3588
39462
79446
51472
42337
67443
68539
18016
4446
26042
4179
41481
41418
41155
37692
90107
81755
70124
39174
68732
64653
19453
40207
79858
65423
41750
82585
21502
82510
20038
11536
19255
57473
49993
82308
38972
7389
39032
67895
28810
4669
78833
60623
88068
86029
81692
17079
50500
20631
65742
68025
17805
10123
52783
81759
77945
39501
27467
64540
50692
87459
20093
80508
8872
38533
32834
66193
73758
79427
79087
74205
50332
26303
18555
10702
41516
39210
27328
82261
82230
78998
26270
39383
37588
82577
79155
8570
47404
8951
65462
39302
79447
70019
20181
70131
19834
82860
32496
39193
14560
79682
3548
60310
52870
87890
39074
20553
37133
64923
8850
83038
79847
40701
39281
82837
39041
26967
20333
87871
82290
20609
79878
37449
19656
4714
8790
39619
26120
82246
42539
42324
4188
45022
62165
73901
41475
41955
3259
82813
89789
61933
51377
50000
64425
36799
43909
20322
39502
17341
39062
30552
41396
82892
71770
82513
82366
20492
